Received sequence (raw):
[[ 3.40600e-01  3.82000e-01  1.58300e-01 -3.12600e-01 -3.38400e-01
  -6.65500e-01 -7.00000e-04 -1.50000e-02  2.67000e-02  0.00000e+00
  -2.60000e-02  7.00000e-02  8.25000e-02  7.96000e-02  8.50000e-02
   5.66000e-02  4.40000e-02  3.56000e-02  6.83000e-02  7.60000e-02
   6.11000e-02  6.93000e-02  8.54000e-02  0.00000e+00  9.00000e+00
   9.50000e+00  7.00000e+00  1.75000e+00 -2.60000e+00 -1.83330e+00
  -2.85710e+00 -3.50000e+00 -1.55560e+00  0.00000e+00  9.00000e-02
   1.90000e-01  2.10000e-01  7.00000e-02 -1.30000e-01 -1.10000e-01
  -2.00000e-01 -2.80000e-01 -1.40000e-01  0.00000e+00]
 [ 4.63900e-01  4.44000e-01  1.02400e-01  1.02000e-02 -2.67200e-01
  -7.03700e-01 -1.17000e-02 -2.25000e-02  2.07000e-02 -3.10000e-02
  -2.00000e-02  6.70000e-03  8.08000e-02  7.96000e-02  8.50000e-02
   4.98000e-02  4.40000e-02  4.50000e-02  7.03000e-02  7.83000e-02
   6.84000e-02  7.53000e-02  7.65000e-02  8.01000e-02 -1.70000e+01
  -4.00000e+00  6.66700e-01  1.00000e+00 -2.00000e+00 -5.00000e+00
  -4.00000e+00 -4.62500e+00 -5.00000e+00 -3.10000e+00 -1.70000e-01
  -8.00000e-02  2.00000e-02  4.00000e-02 -1.00000e-01 -3.00000e-01
  -2.80000e-01 -3.70000e-01 -4.50000e-01 -3.10000e-01]
 [ 3.63500e-01  2.52200e-01  1.20600e-01 -7.95000e-02 -1.21450e+00
  -6.99600e-01 -6.80000e-03 -1.13000e-02  1.50000e-02 -3.45000e-02
   2.90000e-02  8.30000e-03  8.08000e-02  7.94000e-02  7.95000e-02
   4.32000e-02  4.40000e-02  4.64000e-02  7.11000e-02  7.92000e-02
   6.84000e-02  7.53000e-02  6.80000e-02  8.01000e-02  1.05000e+01
  -3.25000e+00  8.33300e-01  3.12500e+00  2.90000e+00  8.33000e-02
  -2.78570e+00 -2.18750e+00 -2.94440e+00 -3.45000e+00  1.05000e-01
  -6.50000e-02  2.50000e-02  1.25000e-01  1.45000e-01  5.00000e-03
  -1.95000e-01 -1.75000e-01 -2.65000e-01 -3.45000e-01]
 [ 2.34600e-01  5.78000e-02  4.55000e-02 -1.63100e-01 -1.18630e+00
  -5.63100e-01  2.30000e-03  5.00000e-03  2.33000e-02 -8.00000e-03
   6.20000e-02  4.00000e-02  8.33000e-02  8.29000e-02  8.49000e-02
   6.09000e-02  5.88000e-02  7.58000e-02  7.17000e-02  7.88000e-02
   6.84000e-02  7.78000e-02  6.80000e-02  8.01000e-02  1.85000e+01
   1.45000e+01  4.00000e+00  5.25000e+00  6.20000e+00  5.50000e+00
   2.71430e+00 -1.25000e-01  1.11100e-01 -8.00000e-01  1.85000e-01
   2.90000e-01  1.20000e-01  2.10000e-01  3.10000e-01  3.30000e-01
   1.90000e-01 -1.00000e-02  1.00000e-02 -8.00000e-02]
 [ 2.87600e-01  1.28000e-02 -6.47000e-02 -2.03900e-01 -3.42900e-01
  -6.08600e-01 -1.17000e-02  3.50000e-03  1.13000e-02 -2.30000e-02
  -6.00000e-03  1.67000e-02  8.11000e-02  8.29000e-02  8.49000e-02
   6.09000e-02  7.00000e-02  7.58000e-02  7.78000e-02  8.19000e-02
   8.33000e-02  9.48000e-02  1.02800e-01  1.13100e-01 -2.40000e+01
  -2.75000e+00  1.66670e+00 -3.00000e+00 -6.00000e-01  1.16670e+00
   1.28570e+00 -6.25000e-01 -2.77780e+00 -2.30000e+00 -2.40000e-01
  -5.50000e-02  5.00000e-02 -1.20000e-01 -3.00000e-02  7.00000e-02
   9.00000e-02 -5.00000e-02 -2.50000e-01 -2.30000e-01]
 [ 2.92900e-01  3.10000e-02 -1.74200e-01 -2.18000e-02  1.65100e-01
   2.39100e-01 -1.20000e-02  1.05000e-02 -1.27000e-02 -3.20000e-02
  -3.80000e-02 -4.17000e-02  8.11000e-02  8.29000e-02  6.36000e-02
   6.22000e-02  7.54000e-02  8.72000e-02  7.78000e-02  7.47000e-02
   8.17000e-02  9.15000e-02  9.52000e-02  1.00800e-01 -7.00000e+00
  -1.55000e+01 -4.16670e+00 -5.00000e-01 -3.80000e+00 -1.66670e+00
   0.00000e+00  2.50000e-01 -1.33330e+00 -3.20000e+00 -7.00000e-02
  -3.10000e-01 -1.25000e-01 -2.00000e-02 -1.90000e-01 -1.00000e-01
   0.00000e+00  2.00000e-02 -1.20000e-01 -3.20000e-01]
 [ 2.79000e-01  5.60000e-03  5.23000e-02 -3.04000e-02  1.70300e-01
   6.21100e-01 -1.63000e-02  4.00000e-03 -3.60000e-02 -3.30000e-02
  -4.60000e-02 -1.73300e-01  8.11000e-02  8.29000e-02  6.04000e-02
   6.22000e-02  7.54000e-02  0.00000e+00  8.19000e-02  8.18000e-02
   8.70000e-02  9.28000e-02  1.02500e-01  7.41000e-02 -2.10000e+01
  -1.40000e+01 -1.73333e+01 -8.37500e+00 -4.60000e+00 -6.66670e+00
  -4.42860e+00 -2.62500e+00 -2.11110e+00 -3.30000e+00 -2.10000e-01
  -2.80000e-01 -5.20000e-01 -3.35000e-01 -2.30000e-01 -4.00000e-01
  -3.10000e-01 -2.10000e-01 -1.90000e-01 -3.30000e-01]
 [ 3.19400e-01  1.36100e-01  1.69700e-01 -2.03400e-01  6.17200e-01
  -6.21100e-01 -2.57000e-02 -7.50000e-03 -4.80000e-02 -2.30000e-02
  -7.50000e-02 -1.06700e-01  7.40000e-02  7.90000e-02  5.55000e-02
   6.22000e-02  7.40000e-02  0.00000e+00  8.10000e-02  8.07000e-02
   8.51000e-02  9.15000e-02  9.54000e-02  7.41000e-02 -4.00000e+00
  -1.25000e+01 -1.06667e+01 -1.40000e+01 -7.50000e+00 -4.50000e+00
  -6.28570e+00 -4.37500e+00 -2.77780e+00 -2.30000e+00 -4.00000e-02
  -2.50000e-01 -3.20000e-01 -5.60000e-01 -3.75000e-01 -2.70000e-01
  -4.40000e-01 -3.50000e-01 -2.50000e-01 -2.30000e-01]
 [ 3.97400e-01  2.84200e-01  1.95900e-01  3.77000e-02 -2.79300e-01
  -3.41900e-01 -2.97000e-02 -1.55000e-02 -4.93000e-02 -3.50000e-02
  -1.32000e-01 -1.16700e-01  7.43000e-02  8.00000e-02  5.55000e-02
   6.35000e-02  0.00000e+00  0.00000e+00  8.00000e-02  7.96000e-02
   8.52000e-02  8.84000e-02  7.88000e-02  7.04000e-02 -1.00000e+01
  -7.00000e+00 -1.16667e+01 -1.05000e+01 -1.32000e+01 -7.91670e+00
  -5.28570e+00 -6.75000e+00 -5.00000e+00 -3.50000e+00 -1.00000e-01
  -1.40000e-01 -3.50000e-01 -4.20000e-01 -6.60000e-01 -4.75000e-01
  -3.70000e-01 -5.40000e-01 -4.50000e-01 -3.50000e-01]
 [ 3.76600e-01  2.92400e-01  1.67800e-01  3.23100e-01 -1.12810e+00
   0.00000e+00 -2.80000e-02 -1.60000e-02 -4.80000e-02 -5.20000e-02
  -9.80000e-02 -7.00000e-02  7.43000e-02  8.00000e-02  5.55000e-02
   6.24000e-02  0.00000e+00  0.00000e+00  7.96000e-02  7.96000e-02
   8.53000e-02  8.43000e-02  5.91000e-02  2.45000e-02 -7.00000e+00
  -8.50000e+00 -7.00000e+00 -1.05000e+01 -9.80000e+00 -1.21667e+01
  -7.78570e+00 -5.50000e+00 -6.77780e+00 -5.20000e+00 -7.00000e-02
  -1.70000e-01 -2.10000e-01 -4.20000e-01 -4.90000e-01 -7.30000e-01
  -5.45000e-01 -4.40000e-01 -6.10000e-01 -5.20000e-01]
 [ 4.89200e-01  1.61200e-01  3.46400e-01  6.98900e-01 -9.36700e-01
   7.07100e-01 -3.37000e-02 -3.55000e-02 -5.60000e-02 -7.10000e-02
  -1.04000e-01 -9.00000e-02  7.47000e-02  5.97000e-02  5.60000e-02
   6.07000e-02  0.00000e+00  0.00000e+00  7.84000e-02  7.81000e-02
   8.24000e-02  7.87000e-02  5.75000e-02  1.41000e-02 -1.00000e+01
  -8.50000e+00 -9.00000e+00 -7.75000e+00 -1.04000e+01 -9.83330e+00
  -1.18571e+01 -8.06250e+00 -6.00000e+00 -7.10000e+00 -1.00000e-01
  -1.70000e-01 -2.70000e-01 -3.10000e-01 -5.20000e-01 -5.90000e-01
  -8.30000e-01 -6.45000e-01 -5.40000e-01 -7.10000e-01]
 [ 4.02700e-01  1.71000e-01  1.32200e-01  2.90300e-01  1.30010e+00
   6.68900e-01 -2.80000e-02 -3.50000e-02 -3.27000e-02 -3.90000e-02
  -3.20000e-02 -6.70000e-03  7.65000e-02  6.06000e-02  6.22000e-02
   6.96000e-02  6.00000e-02  7.07000e-02  7.90000e-02  7.81000e-02
   7.96000e-02  8.01000e-02  3.82000e-02  4.19000e-02  1.50000e+01
   2.50000e+00 -6.66700e-01 -3.00000e+00 -3.20000e+00 -6.16670e+00
  -6.28570e+00 -8.50000e+00 -5.50000e+00 -3.90000e+00  1.50000e-01
   5.00000e-02 -2.00000e-02 -1.20000e-01 -1.60000e-01 -3.70000e-01
  -4.40000e-01 -6.80000e-01 -4.95000e-01 -3.90000e-01]
 [ 2.87700e-01  2.74700e-01 -1.79000e-02  3.73400e-01  4.49000e-01
  -6.02700e-01 -1.70000e-02 -3.15000e-02 -9.30000e-03 -2.85000e-02
   1.80000e-02  8.67000e-02  8.11000e-02  6.78000e-02  7.35000e-02
   8.43000e-02  9.02000e-02  8.83000e-02  7.98000e-02  7.81000e-02
   7.97000e-02  8.01000e-02  4.54000e-02  4.71000e-02  2.10000e+01
   1.80000e+01  8.66670e+00  4.75000e+00  1.80000e+00  8.33300e-01
  -2.28570e+00 -2.87500e+00 -5.22220e+00 -2.85000e+00  2.10000e-01
   3.60000e-01  2.60000e-01  1.90000e-01  9.00000e-02  5.00000e-02
  -1.60000e-01 -2.30000e-01 -4.70000e-01 -2.85000e-01]
 [ 2.66300e-01  2.78000e-01  1.29800e-01  7.55800e-01  1.77900e-01
  -6.52000e-01 -1.93000e-02 -3.80000e-02 -2.47000e-02 -6.80000e-02
  -4.00000e-03  5.00000e-02  8.11000e-02  6.78000e-02  7.43000e-02
   7.32000e-02  9.02000e-02  8.83000e-02  8.27000e-02  8.35000e-02
   8.50000e-02  8.31000e-02  7.76000e-02  9.90000e-02 -2.10000e+01
   0.00000e+00  5.00000e+00  1.25000e+00 -4.00000e-01 -2.00000e+00
  -2.28570e+00 -4.62500e+00 -4.88890e+00 -6.80000e+00 -2.10000e-01
   0.00000e+00  1.50000e-01  5.00000e-02 -2.00000e-02 -1.20000e-01
  -1.60000e-01 -3.70000e-01 -4.40000e-01 -6.80000e-01]
 [ 2.29100e-01  1.95800e-01  2.49700e-01  6.86600e-01 -2.78000e-02
   5.82000e-02 -1.27000e-02 -3.40000e-02 -3.20000e-02 -4.50000e-02
   8.00000e-03 -3.30000e-03  8.11000e-02  6.78000e-02  7.46000e-02
   7.32000e-02  9.02000e-02  9.90000e-02  7.96000e-02  8.49000e-02
   8.44000e-02  7.35000e-02  8.21000e-02  9.67000e-02 -1.00000e+00
  -1.10000e+01 -3.33300e-01  3.50000e+00  8.00000e-01 -5.00000e-01
  -1.85710e+00 -2.12500e+00 -4.22220e+00 -4.50000e+00 -1.00000e-02
  -2.20000e-01 -1.00000e-02  1.40000e-01  4.00000e-02 -3.00000e-02
  -1.30000e-01 -1.70000e-01 -3.80000e-01 -4.50000e-01]
 [ 2.04200e-01  2.27900e-01  3.68100e-01  5.48100e-01 -3.23600e-01
  -7.07100e-01 -6.00000e-03 -3.55000e-02 -3.87000e-02 -3.90000e-02
   2.60000e-02 -7.67000e-02  8.11000e-02  6.83000e-02  7.47000e-02
   7.32000e-02  9.02000e-02  0.00000e+00  7.58000e-02  8.45000e-02
   8.38000e-02  7.66000e-02  8.21000e-02  9.43000e-02 -1.00000e+00
  -1.00000e+00 -7.66670e+00 -5.00000e-01  2.60000e+00  5.00000e-01
  -5.71400e-01 -1.75000e+00 -2.00000e+00 -3.90000e+00 -1.00000e-02
  -2.00000e-02 -2.30000e-01 -2.00000e-02  1.30000e-01  3.00000e-02
  -4.00000e-02 -1.40000e-01 -1.80000e-01 -3.90000e-01]
 [ 8.44000e-02  6.63000e-02  1.11800e-01  2.97400e-01 -3.17300e-01
   7.07100e-01  2.30000e-03 -1.70000e-02 -1.60000e-02 -1.00000e-03
   3.00000e-02  5.00000e-02  8.29000e-02  7.29000e-02  8.00000e-02
   8.21000e-02  9.39000e-02  8.01000e-02  7.66000e-02  8.13000e-02
   8.27000e-02  6.45000e-02  8.21000e-02  4.70000e-03  1.70000e+01
   8.00000e+00  5.00000e+00 -1.50000e+00  3.00000e+00  5.00000e+00
   2.85710e+00  1.62500e+00  3.33300e-01 -1.00000e-01  1.70000e-01
   1.60000e-01  1.50000e-01 -6.00000e-02  1.50000e-01  3.00000e-01
   2.00000e-01  1.30000e-01  3.00000e-02 -1.00000e-02]
 [ 2.09400e-01  6.41000e-02  3.70200e-01  3.78000e-01  2.97600e-01
   2.39100e-01 -8.30000e-03 -1.65000e-02 -3.17000e-02 -1.00000e-02
  -3.80000e-02  1.00000e-02  8.01000e-02  7.29000e-02  7.99000e-02
   8.21000e-02  6.80000e-02  8.01000e-02  7.68000e-02  8.08000e-02
   8.16000e-02  6.81000e-02  8.40000e-02  5.91000e-02 -1.30000e+01
   2.00000e+00  1.00000e+00  5.00000e-01 -3.80000e+00  3.33300e-01
   2.42860e+00  8.75000e-01  0.00000e+00 -1.00000e+00 -1.30000e-01
   4.00000e-02  3.00000e-02  2.00000e-02 -1.90000e-01  2.00000e-02
   1.70000e-01  7.00000e-02  0.00000e+00 -1.00000e-01]
 [ 2.65500e-01  1.07300e-01  4.96000e-01  2.55900e-01  6.05400e-01
   3.12800e-01 -1.10000e-02 -1.85000e-02 -4.53000e-02 -2.00000e-03
   0.00000e+00  6.70000e-03  8.07000e-02  7.34000e-02  7.15000e-02
   8.21000e-02  6.80000e-02  8.01000e-02  7.63000e-02  8.01000e-02
   8.05000e-02  6.80000e-02  4.84000e-02  5.72000e-02 -2.00000e+00
  -7.50000e+00  6.66700e-01  2.50000e-01  0.00000e+00 -3.50000e+00
   0.00000e+00  1.87500e+00  5.55600e-01 -2.00000e-01 -2.00000e-02
  -1.50000e-01  2.00000e-02  1.00000e-02  0.00000e+00 -2.10000e-01
   0.00000e+00  1.50000e-01  5.00000e-02 -2.00000e-02]
 [ 1.63200e-01  1.07300e-01  3.81600e-01 -7.88000e-02  1.75000e-02
   5.32000e-02 -5.70000e-03 -1.85000e-02 -2.27000e-02  1.50000e-02
   2.20000e-02 -1.67000e-02  8.05000e-02  7.34000e-02  7.26000e-02
   8.11000e-02  6.97000e-02  4.71000e-02  7.72000e-02  8.01000e-02
   7.04000e-02  6.97000e-02  4.96000e-02  5.72000e-02  1.00000e+01
   4.00000e+00 -1.66670e+00  3.00000e+00  2.20000e+00  1.66670e+00
  -1.57140e+00  1.25000e+00  2.77780e+00  1.50000e+00  1.00000e-01
   8.00000e-02 -5.00000e-02  1.20000e-01  1.10000e-01  1.00000e-01
  -1.10000e-01  1.00000e-01  2.50000e-01  1.50000e-01]]

Scaled sequence (Flask):
[[ 3.40600e-01  3.82000e-01  1.58300e-01 -3.12600e-01 -3.38400e-01
  -6.65500e-01 -7.00000e-04 -1.50000e-02  2.67000e-02  0.00000e+00
  -2.60000e-02  7.00000e-02  8.25000e-02  7.96000e-02  8.50000e-02
   5.66000e-02  4.40000e-02  3.56000e-02  6.83000e-02  7.60000e-02
   6.11000e-02  6.93000e-02  8.54000e-02  0.00000e+00  9.00000e+00
   9.50000e+00  7.00000e+00  1.75000e+00 -2.60000e+00 -1.83330e+00
  -2.85710e+00 -3.50000e+00 -1.55560e+00  0.00000e+00  9.00000e-02
   1.90000e-01  2.10000e-01  7.00000e-02 -1.30000e-01 -1.10000e-01
  -2.00000e-01 -2.80000e-01 -1.40000e-01  0.00000e+00]
 [ 4.63900e-01  4.44000e-01  1.02400e-01  1.02000e-02 -2.67200e-01
  -7.03700e-01 -1.17000e-02 -2.25000e-02  2.07000e-02 -3.10000e-02
  -2.00000e-02  6.70000e-03  8.08000e-02  7.96000e-02  8.50000e-02
   4.98000e-02  4.40000e-02  4.50000e-02  7.03000e-02  7.83000e-02
   6.84000e-02  7.53000e-02  7.65000e-02  8.01000e-02 -1.70000e+01
  -4.00000e+00  6.66700e-01  1.00000e+00 -2.00000e+00 -5.00000e+00
  -4.00000e+00 -4.62500e+00 -5.00000e+00 -3.10000e+00 -1.70000e-01
  -8.00000e-02  2.00000e-02  4.00000e-02 -1.00000e-01 -3.00000e-01
  -2.80000e-01 -3.70000e-01 -4.50000e-01 -3.10000e-01]
 [ 3.63500e-01  2.52200e-01  1.20600e-01 -7.95000e-02 -1.21450e+00
  -6.99600e-01 -6.80000e-03 -1.13000e-02  1.50000e-02 -3.45000e-02
   2.90000e-02  8.30000e-03  8.08000e-02  7.94000e-02  7.95000e-02
   4.32000e-02  4.40000e-02  4.64000e-02  7.11000e-02  7.92000e-02
   6.84000e-02  7.53000e-02  6.80000e-02  8.01000e-02  1.05000e+01
  -3.25000e+00  8.33300e-01  3.12500e+00  2.90000e+00  8.33000e-02
  -2.78570e+00 -2.18750e+00 -2.94440e+00 -3.45000e+00  1.05000e-01
  -6.50000e-02  2.50000e-02  1.25000e-01  1.45000e-01  5.00000e-03
  -1.95000e-01 -1.75000e-01 -2.65000e-01 -3.45000e-01]
 [ 2.34600e-01  5.78000e-02  4.55000e-02 -1.63100e-01 -1.18630e+00
  -5.63100e-01  2.30000e-03  5.00000e-03  2.33000e-02 -8.00000e-03
   6.20000e-02  4.00000e-02  8.33000e-02  8.29000e-02  8.49000e-02
   6.09000e-02  5.88000e-02  7.58000e-02  7.17000e-02  7.88000e-02
   6.84000e-02  7.78000e-02  6.80000e-02  8.01000e-02  1.85000e+01
   1.45000e+01  4.00000e+00  5.25000e+00  6.20000e+00  5.50000e+00
   2.71430e+00 -1.25000e-01  1.11100e-01 -8.00000e-01  1.85000e-01
   2.90000e-01  1.20000e-01  2.10000e-01  3.10000e-01  3.30000e-01
   1.90000e-01 -1.00000e-02  1.00000e-02 -8.00000e-02]
 [ 2.87600e-01  1.28000e-02 -6.47000e-02 -2.03900e-01 -3.42900e-01
  -6.08600e-01 -1.17000e-02  3.50000e-03  1.13000e-02 -2.30000e-02
  -6.00000e-03  1.67000e-02  8.11000e-02  8.29000e-02  8.49000e-02
   6.09000e-02  7.00000e-02  7.58000e-02  7.78000e-02  8.19000e-02
   8.33000e-02  9.48000e-02  1.02800e-01  1.13100e-01 -2.40000e+01
  -2.75000e+00  1.66670e+00 -3.00000e+00 -6.00000e-01  1.16670e+00
   1.28570e+00 -6.25000e-01 -2.77780e+00 -2.30000e+00 -2.40000e-01
  -5.50000e-02  5.00000e-02 -1.20000e-01 -3.00000e-02  7.00000e-02
   9.00000e-02 -5.00000e-02 -2.50000e-01 -2.30000e-01]
 [ 2.92900e-01  3.10000e-02 -1.74200e-01 -2.18000e-02  1.65100e-01
   2.39100e-01 -1.20000e-02  1.05000e-02 -1.27000e-02 -3.20000e-02
  -3.80000e-02 -4.17000e-02  8.11000e-02  8.29000e-02  6.36000e-02
   6.22000e-02  7.54000e-02  8.72000e-02  7.78000e-02  7.47000e-02
   8.17000e-02  9.15000e-02  9.52000e-02  1.00800e-01 -7.00000e+00
  -1.55000e+01 -4.16670e+00 -5.00000e-01 -3.80000e+00 -1.66670e+00
   0.00000e+00  2.50000e-01 -1.33330e+00 -3.20000e+00 -7.00000e-02
  -3.10000e-01 -1.25000e-01 -2.00000e-02 -1.90000e-01 -1.00000e-01
   0.00000e+00  2.00000e-02 -1.20000e-01 -3.20000e-01]
 [ 2.79000e-01  5.60000e-03  5.23000e-02 -3.04000e-02  1.70300e-01
   6.21100e-01 -1.63000e-02  4.00000e-03 -3.60000e-02 -3.30000e-02
  -4.60000e-02 -1.73300e-01  8.11000e-02  8.29000e-02  6.04000e-02
   6.22000e-02  7.54000e-02  0.00000e+00  8.19000e-02  8.18000e-02
   8.70000e-02  9.28000e-02  1.02500e-01  7.41000e-02 -2.10000e+01
  -1.40000e+01 -1.73333e+01 -8.37500e+00 -4.60000e+00 -6.66670e+00
  -4.42860e+00 -2.62500e+00 -2.11110e+00 -3.30000e+00 -2.10000e-01
  -2.80000e-01 -5.20000e-01 -3.35000e-01 -2.30000e-01 -4.00000e-01
  -3.10000e-01 -2.10000e-01 -1.90000e-01 -3.30000e-01]
 [ 3.19400e-01  1.36100e-01  1.69700e-01 -2.03400e-01  6.17200e-01
  -6.21100e-01 -2.57000e-02 -7.50000e-03 -4.80000e-02 -2.30000e-02
  -7.50000e-02 -1.06700e-01  7.40000e-02  7.90000e-02  5.55000e-02
   6.22000e-02  7.40000e-02  0.00000e+00  8.10000e-02  8.07000e-02
   8.51000e-02  9.15000e-02  9.54000e-02  7.41000e-02 -4.00000e+00
  -1.25000e+01 -1.06667e+01 -1.40000e+01 -7.50000e+00 -4.50000e+00
  -6.28570e+00 -4.37500e+00 -2.77780e+00 -2.30000e+00 -4.00000e-02
  -2.50000e-01 -3.20000e-01 -5.60000e-01 -3.75000e-01 -2.70000e-01
  -4.40000e-01 -3.50000e-01 -2.50000e-01 -2.30000e-01]
 [ 3.97400e-01  2.84200e-01  1.95900e-01  3.77000e-02 -2.79300e-01
  -3.41900e-01 -2.97000e-02 -1.55000e-02 -4.93000e-02 -3.50000e-02
  -1.32000e-01 -1.16700e-01  7.43000e-02  8.00000e-02  5.55000e-02
   6.35000e-02  0.00000e+00  0.00000e+00  8.00000e-02  7.96000e-02
   8.52000e-02  8.84000e-02  7.88000e-02  7.04000e-02 -1.00000e+01
  -7.00000e+00 -1.16667e+01 -1.05000e+01 -1.32000e+01 -7.91670e+00
  -5.28570e+00 -6.75000e+00 -5.00000e+00 -3.50000e+00 -1.00000e-01
  -1.40000e-01 -3.50000e-01 -4.20000e-01 -6.60000e-01 -4.75000e-01
  -3.70000e-01 -5.40000e-01 -4.50000e-01 -3.50000e-01]
 [ 3.76600e-01  2.92400e-01  1.67800e-01  3.23100e-01 -1.12810e+00
   0.00000e+00 -2.80000e-02 -1.60000e-02 -4.80000e-02 -5.20000e-02
  -9.80000e-02 -7.00000e-02  7.43000e-02  8.00000e-02  5.55000e-02
   6.24000e-02  0.00000e+00  0.00000e+00  7.96000e-02  7.96000e-02
   8.53000e-02  8.43000e-02  5.91000e-02  2.45000e-02 -7.00000e+00
  -8.50000e+00 -7.00000e+00 -1.05000e+01 -9.80000e+00 -1.21667e+01
  -7.78570e+00 -5.50000e+00 -6.77780e+00 -5.20000e+00 -7.00000e-02
  -1.70000e-01 -2.10000e-01 -4.20000e-01 -4.90000e-01 -7.30000e-01
  -5.45000e-01 -4.40000e-01 -6.10000e-01 -5.20000e-01]
 [ 4.89200e-01  1.61200e-01  3.46400e-01  6.98900e-01 -9.36700e-01
   7.07100e-01 -3.37000e-02 -3.55000e-02 -5.60000e-02 -7.10000e-02
  -1.04000e-01 -9.00000e-02  7.47000e-02  5.97000e-02  5.60000e-02
   6.07000e-02  0.00000e+00  0.00000e+00  7.84000e-02  7.81000e-02
   8.24000e-02  7.87000e-02  5.75000e-02  1.41000e-02 -1.00000e+01
  -8.50000e+00 -9.00000e+00 -7.75000e+00 -1.04000e+01 -9.83330e+00
  -1.18571e+01 -8.06250e+00 -6.00000e+00 -7.10000e+00 -1.00000e-01
  -1.70000e-01 -2.70000e-01 -3.10000e-01 -5.20000e-01 -5.90000e-01
  -8.30000e-01 -6.45000e-01 -5.40000e-01 -7.10000e-01]
 [ 4.02700e-01  1.71000e-01  1.32200e-01  2.90300e-01  1.30010e+00
   6.68900e-01 -2.80000e-02 -3.50000e-02 -3.27000e-02 -3.90000e-02
  -3.20000e-02 -6.70000e-03  7.65000e-02  6.06000e-02  6.22000e-02
   6.96000e-02  6.00000e-02  7.07000e-02  7.90000e-02  7.81000e-02
   7.96000e-02  8.01000e-02  3.82000e-02  4.19000e-02  1.50000e+01
   2.50000e+00 -6.66700e-01 -3.00000e+00 -3.20000e+00 -6.16670e+00
  -6.28570e+00 -8.50000e+00 -5.50000e+00 -3.90000e+00  1.50000e-01
   5.00000e-02 -2.00000e-02 -1.20000e-01 -1.60000e-01 -3.70000e-01
  -4.40000e-01 -6.80000e-01 -4.95000e-01 -3.90000e-01]
 [ 2.87700e-01  2.74700e-01 -1.79000e-02  3.73400e-01  4.49000e-01
  -6.02700e-01 -1.70000e-02 -3.15000e-02 -9.30000e-03 -2.85000e-02
   1.80000e-02  8.67000e-02  8.11000e-02  6.78000e-02  7.35000e-02
   8.43000e-02  9.02000e-02  8.83000e-02  7.98000e-02  7.81000e-02
   7.97000e-02  8.01000e-02  4.54000e-02  4.71000e-02  2.10000e+01
   1.80000e+01  8.66670e+00  4.75000e+00  1.80000e+00  8.33300e-01
  -2.28570e+00 -2.87500e+00 -5.22220e+00 -2.85000e+00  2.10000e-01
   3.60000e-01  2.60000e-01  1.90000e-01  9.00000e-02  5.00000e-02
  -1.60000e-01 -2.30000e-01 -4.70000e-01 -2.85000e-01]
 [ 2.66300e-01  2.78000e-01  1.29800e-01  7.55800e-01  1.77900e-01
  -6.52000e-01 -1.93000e-02 -3.80000e-02 -2.47000e-02 -6.80000e-02
  -4.00000e-03  5.00000e-02  8.11000e-02  6.78000e-02  7.43000e-02
   7.32000e-02  9.02000e-02  8.83000e-02  8.27000e-02  8.35000e-02
   8.50000e-02  8.31000e-02  7.76000e-02  9.90000e-02 -2.10000e+01
   0.00000e+00  5.00000e+00  1.25000e+00 -4.00000e-01 -2.00000e+00
  -2.28570e+00 -4.62500e+00 -4.88890e+00 -6.80000e+00 -2.10000e-01
   0.00000e+00  1.50000e-01  5.00000e-02 -2.00000e-02 -1.20000e-01
  -1.60000e-01 -3.70000e-01 -4.40000e-01 -6.80000e-01]
 [ 2.29100e-01  1.95800e-01  2.49700e-01  6.86600e-01 -2.78000e-02
   5.82000e-02 -1.27000e-02 -3.40000e-02 -3.20000e-02 -4.50000e-02
   8.00000e-03 -3.30000e-03  8.11000e-02  6.78000e-02  7.46000e-02
   7.32000e-02  9.02000e-02  9.90000e-02  7.96000e-02  8.49000e-02
   8.44000e-02  7.35000e-02  8.21000e-02  9.67000e-02 -1.00000e+00
  -1.10000e+01 -3.33300e-01  3.50000e+00  8.00000e-01 -5.00000e-01
  -1.85710e+00 -2.12500e+00 -4.22220e+00 -4.50000e+00 -1.00000e-02
  -2.20000e-01 -1.00000e-02  1.40000e-01  4.00000e-02 -3.00000e-02
  -1.30000e-01 -1.70000e-01 -3.80000e-01 -4.50000e-01]
 [ 2.04200e-01  2.27900e-01  3.68100e-01  5.48100e-01 -3.23600e-01
  -7.07100e-01 -6.00000e-03 -3.55000e-02 -3.87000e-02 -3.90000e-02
   2.60000e-02 -7.67000e-02  8.11000e-02  6.83000e-02  7.47000e-02
   7.32000e-02  9.02000e-02  0.00000e+00  7.58000e-02  8.45000e-02
   8.38000e-02  7.66000e-02  8.21000e-02  9.43000e-02 -1.00000e+00
  -1.00000e+00 -7.66670e+00 -5.00000e-01  2.60000e+00  5.00000e-01
  -5.71400e-01 -1.75000e+00 -2.00000e+00 -3.90000e+00 -1.00000e-02
  -2.00000e-02 -2.30000e-01 -2.00000e-02  1.30000e-01  3.00000e-02
  -4.00000e-02 -1.40000e-01 -1.80000e-01 -3.90000e-01]
 [ 8.44000e-02  6.63000e-02  1.11800e-01  2.97400e-01 -3.17300e-01
   7.07100e-01  2.30000e-03 -1.70000e-02 -1.60000e-02 -1.00000e-03
   3.00000e-02  5.00000e-02  8.29000e-02  7.29000e-02  8.00000e-02
   8.21000e-02  9.39000e-02  8.01000e-02  7.66000e-02  8.13000e-02
   8.27000e-02  6.45000e-02  8.21000e-02  4.70000e-03  1.70000e+01
   8.00000e+00  5.00000e+00 -1.50000e+00  3.00000e+00  5.00000e+00
   2.85710e+00  1.62500e+00  3.33300e-01 -1.00000e-01  1.70000e-01
   1.60000e-01  1.50000e-01 -6.00000e-02  1.50000e-01  3.00000e-01
   2.00000e-01  1.30000e-01  3.00000e-02 -1.00000e-02]
 [ 2.09400e-01  6.41000e-02  3.70200e-01  3.78000e-01  2.97600e-01
   2.39100e-01 -8.30000e-03 -1.65000e-02 -3.17000e-02 -1.00000e-02
  -3.80000e-02  1.00000e-02  8.01000e-02  7.29000e-02  7.99000e-02
   8.21000e-02  6.80000e-02  8.01000e-02  7.68000e-02  8.08000e-02
   8.16000e-02  6.81000e-02  8.40000e-02  5.91000e-02 -1.30000e+01
   2.00000e+00  1.00000e+00  5.00000e-01 -3.80000e+00  3.33300e-01
   2.42860e+00  8.75000e-01  0.00000e+00 -1.00000e+00 -1.30000e-01
   4.00000e-02  3.00000e-02  2.00000e-02 -1.90000e-01  2.00000e-02
   1.70000e-01  7.00000e-02  0.00000e+00 -1.00000e-01]
 [ 2.65500e-01  1.07300e-01  4.96000e-01  2.55900e-01  6.05400e-01
   3.12800e-01 -1.10000e-02 -1.85000e-02 -4.53000e-02 -2.00000e-03
   0.00000e+00  6.70000e-03  8.07000e-02  7.34000e-02  7.15000e-02
   8.21000e-02  6.80000e-02  8.01000e-02  7.63000e-02  8.01000e-02
   8.05000e-02  6.80000e-02  4.84000e-02  5.72000e-02 -2.00000e+00
  -7.50000e+00  6.66700e-01  2.50000e-01  0.00000e+00 -3.50000e+00
   0.00000e+00  1.87500e+00  5.55600e-01 -2.00000e-01 -2.00000e-02
  -1.50000e-01  2.00000e-02  1.00000e-02  0.00000e+00 -2.10000e-01
   0.00000e+00  1.50000e-01  5.00000e-02 -2.00000e-02]
 [ 1.63200e-01  1.07300e-01  3.81600e-01 -7.88000e-02  1.75000e-02
   5.32000e-02 -5.70000e-03 -1.85000e-02 -2.27000e-02  1.50000e-02
   2.20000e-02 -1.67000e-02  8.05000e-02  7.34000e-02  7.26000e-02
   8.11000e-02  6.97000e-02  4.71000e-02  7.72000e-02  8.01000e-02
   7.04000e-02  6.97000e-02  4.96000e-02  5.72000e-02  1.00000e+01
   4.00000e+00 -1.66670e+00  3.00000e+00  2.20000e+00  1.66670e+00
  -1.57140e+00  1.25000e+00  2.77780e+00  1.50000e+00  1.00000e-01
   8.00000e-02 -5.00000e-02  1.20000e-01  1.10000e-01  1.00000e-01
  -1.10000e-01  1.00000e-01  2.50000e-01  1.50000e-01]]