First test sequence (raw):
[[ 3.40600e-01  3.82000e-01  1.58300e-01 -3.12600e-01 -3.38400e-01
  -6.65500e-01 -7.00000e-04 -1.50000e-02  2.67000e-02  0.00000e+00
  -2.60000e-02  7.00000e-02  8.25000e-02  7.96000e-02  8.50000e-02
   5.66000e-02  4.40000e-02  3.56000e-02  6.83000e-02  7.60000e-02
   6.11000e-02  6.93000e-02  8.54000e-02  0.00000e+00  9.00000e+00
   9.50000e+00  7.00000e+00  1.75000e+00 -2.60000e+00 -1.83330e+00
  -2.85710e+00 -3.50000e+00 -1.55560e+00  0.00000e+00  9.00000e-02
   1.90000e-01  2.10000e-01  7.00000e-02 -1.30000e-01 -1.10000e-01
  -2.00000e-01 -2.80000e-01 -1.40000e-01  0.00000e+00]
 [ 4.63900e-01  4.44000e-01  1.02400e-01  1.02000e-02 -2.67200e-01
  -7.03700e-01 -1.17000e-02 -2.25000e-02  2.07000e-02 -3.10000e-02
  -2.00000e-02  6.70000e-03  8.08000e-02  7.96000e-02  8.50000e-02
   4.98000e-02  4.40000e-02  4.50000e-02  7.03000e-02  7.83000e-02
   6.84000e-02  7.53000e-02  7.65000e-02  8.01000e-02 -1.70000e+01
  -4.00000e+00  6.66700e-01  1.00000e+00 -2.00000e+00 -5.00000e+00
  -4.00000e+00 -4.62500e+00 -5.00000e+00 -3.10000e+00 -1.70000e-01
  -8.00000e-02  2.00000e-02  4.00000e-02 -1.00000e-01 -3.00000e-01
  -2.80000e-01 -3.70000e-01 -4.50000e-01 -3.10000e-01]
 [ 3.63500e-01  2.52200e-01  1.20600e-01 -7.95000e-02 -1.21450e+00
  -6.99600e-01 -6.80000e-03 -1.13000e-02  1.50000e-02 -3.45000e-02
   2.90000e-02  8.30000e-03  8.08000e-02  7.94000e-02  7.95000e-02
   4.32000e-02  4.40000e-02  4.64000e-02  7.11000e-02  7.92000e-02
   6.84000e-02  7.53000e-02  6.80000e-02  8.01000e-02  1.05000e+01
  -3.25000e+00  8.33300e-01  3.12500e+00  2.90000e+00  8.33000e-02
  -2.78570e+00 -2.18750e+00 -2.94440e+00 -3.45000e+00  1.05000e-01
  -6.50000e-02  2.50000e-02  1.25000e-01  1.45000e-01  5.00000e-03
  -1.95000e-01 -1.75000e-01 -2.65000e-01 -3.45000e-01]
 [ 2.34600e-01  5.78000e-02  4.55000e-02 -1.63100e-01 -1.18630e+00
  -5.63100e-01  2.30000e-03  5.00000e-03  2.33000e-02 -8.00000e-03
   6.20000e-02  4.00000e-02  8.33000e-02  8.29000e-02  8.49000e-02
   6.09000e-02  5.88000e-02  7.58000e-02  7.17000e-02  7.88000e-02
   6.84000e-02  7.78000e-02  6.80000e-02  8.01000e-02  1.85000e+01
   1.45000e+01  4.00000e+00  5.25000e+00  6.20000e+00  5.50000e+00
   2.71430e+00 -1.25000e-01  1.11100e-01 -8.00000e-01  1.85000e-01
   2.90000e-01  1.20000e-01  2.10000e-01  3.10000e-01  3.30000e-01
   1.90000e-01 -1.00000e-02  1.00000e-02 -8.00000e-02]
 [ 2.87600e-01  1.28000e-02 -6.47000e-02 -2.03900e-01 -3.42900e-01
  -6.08600e-01 -1.17000e-02  3.50000e-03  1.13000e-02 -2.30000e-02
  -6.00000e-03  1.67000e-02  8.11000e-02  8.29000e-02  8.49000e-02
   6.09000e-02  7.00000e-02  7.58000e-02  7.78000e-02  8.19000e-02
   8.33000e-02  9.48000e-02  1.02800e-01  1.13100e-01 -2.40000e+01
  -2.75000e+00  1.66670e+00 -3.00000e+00 -6.00000e-01  1.16670e+00
   1.28570e+00 -6.25000e-01 -2.77780e+00 -2.30000e+00 -2.40000e-01
  -5.50000e-02  5.00000e-02 -1.20000e-01 -3.00000e-02  7.00000e-02
   9.00000e-02 -5.00000e-02 -2.50000e-01 -2.30000e-01]
 [ 2.92900e-01  3.10000e-02 -1.74200e-01 -2.18000e-02  1.65100e-01
   2.39100e-01 -1.20000e-02  1.05000e-02 -1.27000e-02 -3.20000e-02
  -3.80000e-02 -4.17000e-02  8.11000e-02  8.29000e-02  6.36000e-02
   6.22000e-02  7.54000e-02  8.72000e-02  7.78000e-02  7.47000e-02
   8.17000e-02  9.15000e-02  9.52000e-02  1.00800e-01 -7.00000e+00
  -1.55000e+01 -4.16670e+00 -5.00000e-01 -3.80000e+00 -1.66670e+00
   0.00000e+00  2.50000e-01 -1.33330e+00 -3.20000e+00 -7.00000e-02
  -3.10000e-01 -1.25000e-01 -2.00000e-02 -1.90000e-01 -1.00000e-01
   0.00000e+00  2.00000e-02 -1.20000e-01 -3.20000e-01]
 [ 2.79000e-01  5.60000e-03  5.23000e-02 -3.04000e-02  1.70300e-01
   6.21100e-01 -1.63000e-02  4.00000e-03 -3.60000e-02 -3.30000e-02
  -4.60000e-02 -1.73300e-01  8.11000e-02  8.29000e-02  6.04000e-02
   6.22000e-02  7.54000e-02  0.00000e+00  8.19000e-02  8.18000e-02
   8.70000e-02  9.28000e-02  1.02500e-01  7.41000e-02 -2.10000e+01
  -1.40000e+01 -1.73333e+01 -8.37500e+00 -4.60000e+00 -6.66670e+00
  -4.42860e+00 -2.62500e+00 -2.11110e+00 -3.30000e+00 -2.10000e-01
  -2.80000e-01 -5.20000e-01 -3.35000e-01 -2.30000e-01 -4.00000e-01
  -3.10000e-01 -2.10000e-01 -1.90000e-01 -3.30000e-01]
 [ 3.19400e-01  1.36100e-01  1.69700e-01 -2.03400e-01  6.17200e-01
  -6.21100e-01 -2.57000e-02 -7.50000e-03 -4.80000e-02 -2.30000e-02
  -7.50000e-02 -1.06700e-01  7.40000e-02  7.90000e-02  5.55000e-02
   6.22000e-02  7.40000e-02  0.00000e+00  8.10000e-02  8.07000e-02
   8.51000e-02  9.15000e-02  9.54000e-02  7.41000e-02 -4.00000e+00
  -1.25000e+01 -1.06667e+01 -1.40000e+01 -7.50000e+00 -4.50000e+00
  -6.28570e+00 -4.37500e+00 -2.77780e+00 -2.30000e+00 -4.00000e-02
  -2.50000e-01 -3.20000e-01 -5.60000e-01 -3.75000e-01 -2.70000e-01
  -4.40000e-01 -3.50000e-01 -2.50000e-01 -2.30000e-01]
 [ 3.97400e-01  2.84200e-01  1.95900e-01  3.77000e-02 -2.79300e-01
  -3.41900e-01 -2.97000e-02 -1.55000e-02 -4.93000e-02 -3.50000e-02
  -1.32000e-01 -1.16700e-01  7.43000e-02  8.00000e-02  5.55000e-02
   6.35000e-02  0.00000e+00  0.00000e+00  8.00000e-02  7.96000e-02
   8.52000e-02  8.84000e-02  7.88000e-02  7.04000e-02 -1.00000e+01
  -7.00000e+00 -1.16667e+01 -1.05000e+01 -1.32000e+01 -7.91670e+00
  -5.28570e+00 -6.75000e+00 -5.00000e+00 -3.50000e+00 -1.00000e-01
  -1.40000e-01 -3.50000e-01 -4.20000e-01 -6.60000e-01 -4.75000e-01
  -3.70000e-01 -5.40000e-01 -4.50000e-01 -3.50000e-01]
 [ 3.76600e-01  2.92400e-01  1.67800e-01  3.23100e-01 -1.12810e+00
  -0.00000e+00 -2.80000e-02 -1.60000e-02 -4.80000e-02 -5.20000e-02
  -9.80000e-02 -7.00000e-02  7.43000e-02  8.00000e-02  5.55000e-02
   6.24000e-02  0.00000e+00  0.00000e+00  7.96000e-02  7.96000e-02
   8.53000e-02  8.43000e-02  5.91000e-02  2.45000e-02 -7.00000e+00
  -8.50000e+00 -7.00000e+00 -1.05000e+01 -9.80000e+00 -1.21667e+01
  -7.78570e+00 -5.50000e+00 -6.77780e+00 -5.20000e+00 -7.00000e-02
  -1.70000e-01 -2.10000e-01 -4.20000e-01 -4.90000e-01 -7.30000e-01
  -5.45000e-01 -4.40000e-01 -6.10000e-01 -5.20000e-01]
 [ 4.89200e-01  1.61200e-01  3.46400e-01  6.98900e-01 -9.36700e-01
   7.07100e-01 -3.37000e-02 -3.55000e-02 -5.60000e-02 -7.10000e-02
  -1.04000e-01 -9.00000e-02  7.47000e-02  5.97000e-02  5.60000e-02
   6.07000e-02  0.00000e+00  0.00000e+00  7.84000e-02  7.81000e-02
   8.24000e-02  7.87000e-02  5.75000e-02  1.41000e-02 -1.00000e+01
  -8.50000e+00 -9.00000e+00 -7.75000e+00 -1.04000e+01 -9.83330e+00
  -1.18571e+01 -8.06250e+00 -6.00000e+00 -7.10000e+00 -1.00000e-01
  -1.70000e-01 -2.70000e-01 -3.10000e-01 -5.20000e-01 -5.90000e-01
  -8.30000e-01 -6.45000e-01 -5.40000e-01 -7.10000e-01]
 [ 4.02700e-01  1.71000e-01  1.32200e-01  2.90300e-01  1.30010e+00
   6.68900e-01 -2.80000e-02 -3.50000e-02 -3.27000e-02 -3.90000e-02
  -3.20000e-02 -6.70000e-03  7.65000e-02  6.06000e-02  6.22000e-02
   6.96000e-02  6.00000e-02  7.07000e-02  7.90000e-02  7.81000e-02
   7.96000e-02  8.01000e-02  3.82000e-02  4.19000e-02  1.50000e+01
   2.50000e+00 -6.66700e-01 -3.00000e+00 -3.20000e+00 -6.16670e+00
  -6.28570e+00 -8.50000e+00 -5.50000e+00 -3.90000e+00  1.50000e-01
   5.00000e-02 -2.00000e-02 -1.20000e-01 -1.60000e-01 -3.70000e-01
  -4.40000e-01 -6.80000e-01 -4.95000e-01 -3.90000e-01]
 [ 2.87700e-01  2.74700e-01 -1.79000e-02  3.73400e-01  4.49000e-01
  -6.02700e-01 -1.70000e-02 -3.15000e-02 -9.30000e-03 -2.85000e-02
   1.80000e-02  8.67000e-02  8.11000e-02  6.78000e-02  7.35000e-02
   8.43000e-02  9.02000e-02  8.83000e-02  7.98000e-02  7.81000e-02
   7.97000e-02  8.01000e-02  4.54000e-02  4.71000e-02  2.10000e+01
   1.80000e+01  8.66670e+00  4.75000e+00  1.80000e+00  8.33300e-01
  -2.28570e+00 -2.87500e+00 -5.22220e+00 -2.85000e+00  2.10000e-01
   3.60000e-01  2.60000e-01  1.90000e-01  9.00000e-02  5.00000e-02
  -1.60000e-01 -2.30000e-01 -4.70000e-01 -2.85000e-01]
 [ 2.66300e-01  2.78000e-01  1.29800e-01  7.55800e-01  1.77900e-01
  -6.52000e-01 -1.93000e-02 -3.80000e-02 -2.47000e-02 -6.80000e-02
  -4.00000e-03  5.00000e-02  8.11000e-02  6.78000e-02  7.43000e-02
   7.32000e-02  9.02000e-02  8.83000e-02  8.27000e-02  8.35000e-02
   8.50000e-02  8.31000e-02  7.76000e-02  9.90000e-02 -2.10000e+01
   0.00000e+00  5.00000e+00  1.25000e+00 -4.00000e-01 -2.00000e+00
  -2.28570e+00 -4.62500e+00 -4.88890e+00 -6.80000e+00 -2.10000e-01
   0.00000e+00  1.50000e-01  5.00000e-02 -2.00000e-02 -1.20000e-01
  -1.60000e-01 -3.70000e-01 -4.40000e-01 -6.80000e-01]
 [ 2.29100e-01  1.95800e-01  2.49700e-01  6.86600e-01 -2.78000e-02
   5.82000e-02 -1.27000e-02 -3.40000e-02 -3.20000e-02 -4.50000e-02
   8.00000e-03 -3.30000e-03  8.11000e-02  6.78000e-02  7.46000e-02
   7.32000e-02  9.02000e-02  9.90000e-02  7.96000e-02  8.49000e-02
   8.44000e-02  7.35000e-02  8.21000e-02  9.67000e-02 -1.00000e+00
  -1.10000e+01 -3.33300e-01  3.50000e+00  8.00000e-01 -5.00000e-01
  -1.85710e+00 -2.12500e+00 -4.22220e+00 -4.50000e+00 -1.00000e-02
  -2.20000e-01 -1.00000e-02  1.40000e-01  4.00000e-02 -3.00000e-02
  -1.30000e-01 -1.70000e-01 -3.80000e-01 -4.50000e-01]
 [ 2.04200e-01  2.27900e-01  3.68100e-01  5.48100e-01 -3.23600e-01
  -7.07100e-01 -6.00000e-03 -3.55000e-02 -3.87000e-02 -3.90000e-02
   2.60000e-02 -7.67000e-02  8.11000e-02  6.83000e-02  7.47000e-02
   7.32000e-02  9.02000e-02  0.00000e+00  7.58000e-02  8.45000e-02
   8.38000e-02  7.66000e-02  8.21000e-02  9.43000e-02 -1.00000e+00
  -1.00000e+00 -7.66670e+00 -5.00000e-01  2.60000e+00  5.00000e-01
  -5.71400e-01 -1.75000e+00 -2.00000e+00 -3.90000e+00 -1.00000e-02
  -2.00000e-02 -2.30000e-01 -2.00000e-02  1.30000e-01  3.00000e-02
  -4.00000e-02 -1.40000e-01 -1.80000e-01 -3.90000e-01]
 [ 8.44000e-02  6.63000e-02  1.11800e-01  2.97400e-01 -3.17300e-01
   7.07100e-01  2.30000e-03 -1.70000e-02 -1.60000e-02 -1.00000e-03
   3.00000e-02  5.00000e-02  8.29000e-02  7.29000e-02  8.00000e-02
   8.21000e-02  9.39000e-02  8.01000e-02  7.66000e-02  8.13000e-02
   8.27000e-02  6.45000e-02  8.21000e-02  4.70000e-03  1.70000e+01
   8.00000e+00  5.00000e+00 -1.50000e+00  3.00000e+00  5.00000e+00
   2.85710e+00  1.62500e+00  3.33300e-01 -1.00000e-01  1.70000e-01
   1.60000e-01  1.50000e-01 -6.00000e-02  1.50000e-01  3.00000e-01
   2.00000e-01  1.30000e-01  3.00000e-02 -1.00000e-02]
 [ 2.09400e-01  6.41000e-02  3.70200e-01  3.78000e-01  2.97600e-01
   2.39100e-01 -8.30000e-03 -1.65000e-02 -3.17000e-02 -1.00000e-02
  -3.80000e-02  1.00000e-02  8.01000e-02  7.29000e-02  7.99000e-02
   8.21000e-02  6.80000e-02  8.01000e-02  7.68000e-02  8.08000e-02
   8.16000e-02  6.81000e-02  8.40000e-02  5.91000e-02 -1.30000e+01
   2.00000e+00  1.00000e+00  5.00000e-01 -3.80000e+00  3.33300e-01
   2.42860e+00  8.75000e-01  0.00000e+00 -1.00000e+00 -1.30000e-01
   4.00000e-02  3.00000e-02  2.00000e-02 -1.90000e-01  2.00000e-02
   1.70000e-01  7.00000e-02  0.00000e+00 -1.00000e-01]
 [ 2.65500e-01  1.07300e-01  4.96000e-01  2.55900e-01  6.05400e-01
   3.12800e-01 -1.10000e-02 -1.85000e-02 -4.53000e-02 -2.00000e-03
   0.00000e+00  6.70000e-03  8.07000e-02  7.34000e-02  7.15000e-02
   8.21000e-02  6.80000e-02  8.01000e-02  7.63000e-02  8.01000e-02
   8.05000e-02  6.80000e-02  4.84000e-02  5.72000e-02 -2.00000e+00
  -7.50000e+00  6.66700e-01  2.50000e-01  0.00000e+00 -3.50000e+00
   0.00000e+00  1.87500e+00  5.55600e-01 -2.00000e-01 -2.00000e-02
  -1.50000e-01  2.00000e-02  1.00000e-02  0.00000e+00 -2.10000e-01
   0.00000e+00  1.50000e-01  5.00000e-02 -2.00000e-02]
 [ 1.63200e-01  1.07300e-01  3.81600e-01 -7.88000e-02  1.75000e-02
   5.32000e-02 -5.70000e-03 -1.85000e-02 -2.27000e-02  1.50000e-02
   2.20000e-02 -1.67000e-02  8.05000e-02  7.34000e-02  7.26000e-02
   8.11000e-02  6.97000e-02  4.71000e-02  7.72000e-02  8.01000e-02
   7.04000e-02  6.97000e-02  4.96000e-02  5.72000e-02  1.00000e+01
   4.00000e+00 -1.66670e+00  3.00000e+00  2.20000e+00  1.66670e+00
  -1.57140e+00  1.25000e+00  2.77780e+00  1.50000e+00  1.00000e-01
   8.00000e-02 -5.00000e-02  1.20000e-01  1.10000e-01  1.00000e-01
  -1.10000e-01  1.00000e-01  2.50000e-01  1.50000e-01]]

First test sequence (scaled):
[[0.66208654 0.6009909  0.53932104 0.43526102 0.38800268 0.02941592
  0.40354232 0.48481853 0.41732812 0.41915987 0.43839398 0.46347738
  0.02529431 0.02359444 0.02949112 0.01959902 0.01368329 0.01014332
  0.0241081  0.02900073 0.02212865 0.02697233 0.02848376 0.
  0.49608611 0.40762596 0.46348073 0.37357915 0.43839398 0.47755981
  0.462579   0.42519764 0.40990977 0.41915987 0.49608611 0.40762596
  0.46348077 0.37357915 0.43839398 0.47755977 0.4625789  0.42519764
  0.40990991 0.41915987]
 [0.68068355 0.61065063 0.52977055 0.50253204 0.41186327 0.00240419
  0.39800745 0.4821706  0.4154964  0.41291427 0.4391468  0.45704118
  0.02449057 0.02359444 0.02949112 0.01724436 0.01368329 0.01282161
  0.0251318  0.03005115 0.02526533 0.02930759 0.02551531 0.02283873
  0.4791259  0.39536995 0.45704118 0.37274744 0.4391468  0.4732747
  0.4609759  0.42339638 0.40341498 0.41291427 0.4791259  0.39536995
  0.45704118 0.37274744 0.4391468  0.4732747  0.46097585 0.42339638
  0.40341504 0.41291427]
 [0.66554049 0.58076779 0.53288001 0.4838387  0.09440349 0.00530335
  0.40047298 0.48612484 0.41375626 0.41220913 0.44529486 0.45720386
  0.02449057 0.02351194 0.02743011 0.01495897 0.01368329 0.0132205
  0.02554128 0.03046218 0.02526533 0.02930759 0.02268027 0.02283873
  0.49706458 0.39605084 0.45721057 0.37510396 0.44529486 0.48015332
  0.46267915 0.42729911 0.40729104 0.41220913 0.49706458 0.39605084
  0.45721064 0.37510396 0.44529486 0.48015336 0.46267909 0.42729911
  0.40729101 0.41220913]
 [0.64609885 0.55047987 0.5200492  0.46641659 0.10385389 0.10182435
  0.40505183 0.49187968 0.41629015 0.4175481  0.44943538 0.46042705
  0.02567255 0.02495566 0.02945365 0.02108799 0.01828586 0.02159729
  0.02584839 0.0302795  0.02526533 0.03028062 0.02268027 0.02283873
  0.50228311 0.41216523 0.4604304  0.37746049 0.44943538 0.48748309
  0.47039381 0.43060142 0.41305251 0.4175481  0.50228311 0.41216523
  0.46043044 0.37746049 0.44943538 0.48748309 0.47039375 0.43060142
  0.41305259 0.4175481 ]
 [0.6540927  0.54346878 0.50122157 0.45791393 0.38649464 0.06965069
  0.39800745 0.49135009 0.41262669 0.41452604 0.44090339 0.45805796
  0.02463241 0.02495566 0.02945365 0.02108799 0.02176888 0.02159729
  0.02897067 0.03169529 0.0316676  0.03689721 0.03428724 0.03224795
  0.47455969 0.39650477 0.45805796 0.36831162 0.44090339 0.48161935
  0.46838996 0.42980086 0.40760518 0.41452604 0.47455969 0.39650477
  0.45805796 0.36831162 0.44090339 0.48161931 0.46838994 0.42980086
  0.40760528 0.41452604]
 [0.65489208 0.54630437 0.48251354 0.49586329 0.55673592 0.66907085
  0.3978565  0.49382149 0.40529979 0.4127128  0.43688833 0.45211998
  0.02463241 0.02495566 0.02147193 0.02153814 0.02344819 0.02484543
  0.02897067 0.02840701 0.03098011 0.03561281 0.03175238 0.02874088
  0.48564905 0.38492964 0.45212669 0.371084   0.43688833 0.47778525
  0.46658656 0.43120184 0.41032894 0.4127128  0.48564905 0.38492964
  0.45212676 0.371084   0.43688833 0.4777853  0.46658651 0.43120184
  0.41032893 0.4127128 ]
 [0.65279558 0.542347   0.52121098 0.49407106 0.55847855 0.93918823
  0.39569287 0.49152662 0.39818659 0.41251133 0.43588457 0.4387392
  0.02463241 0.02495566 0.0202728  0.02153814 0.02344819 0.
  0.03106925 0.03164962 0.03325742 0.03611879 0.03418718 0.02112797
  0.47651663 0.38629142 0.4387392  0.36235098 0.43588457 0.47101935
  0.46037471 0.42659862 0.40886231 0.41251133 0.47651663 0.38629142
  0.4387392  0.36235098 0.43588457 0.4710194  0.46037471 0.42659862
  0.40886235 0.41251133]
 [0.65888901 0.56267917 0.54126873 0.45801813 0.70824397 0.06081177
  0.39096307 0.48746646 0.39452314 0.41452604 0.43224592 0.44551093
  0.02127559 0.02334695 0.01843663 0.02153814 0.02301281 0.
  0.03060859 0.03114724 0.03244103 0.03561281 0.03181909 0.02112797
  0.487606   0.3876532  0.44551764 0.35611311 0.43224592 0.47395129
  0.45776982 0.42379666 0.40760518 0.41452604 0.487606   0.3876532
  0.44551771 0.35611311 0.43224592 0.47395129 0.45776976 0.42379666
  0.40760528 0.41452604]
 [0.67065353 0.58575346 0.54574499 0.508263   0.40780831 0.25823787
  0.38895039 0.484642   0.39412627 0.41210839 0.4250941  0.44449415
  0.02141743 0.02375944 0.01843663 0.0219883  0.         0.
  0.03009674 0.03064487 0.03248399 0.03440626 0.02628244 0.02007299
  0.48369211 0.39264639 0.44450086 0.35999446 0.4250941  0.46932788
  0.45917249 0.419994   0.40341498 0.41210839 0.48369211 0.39264639
  0.44450093 0.35999446 0.4250941  0.46932792 0.45917243 0.419994
  0.40341504 0.41210839]
 [0.66751633 0.58703104 0.54094412 0.56773992 0.12335791 0.5
  0.38980578 0.48446547 0.39452314 0.40868339 0.4293601  0.4492425
  0.02141743 0.02375944 0.01843663 0.0216074  0.         0.
  0.029892   0.03064487 0.03252696 0.03281049 0.01971183 0.00698563
  0.48564905 0.39128461 0.44924586 0.35999446 0.4293601  0.46357686
  0.45566583 0.4219954  0.40006275 0.40868339 0.48564905 0.39128461
  0.44924589 0.35999446 0.4293601  0.46357691 0.45566576 0.4219954
  0.40006285 0.40868339]
 [0.68449948 0.5665898  0.57145786 0.64605606 0.1875     1.
  0.38693771 0.47758085 0.39208084 0.40485544 0.42860728 0.44720895
  0.02160654 0.01538588 0.018624   0.02101873 0.         0.
  0.02927778 0.02995981 0.03128088 0.03063091 0.01917817 0.0040203
  0.48369211 0.39128461 0.4472123  0.36304408 0.42860728 0.46673437
  0.44995502 0.41789252 0.40152938 0.40485544 0.48369211 0.39128461
  0.44721234 0.36304408 0.42860728 0.46673433 0.44995491 0.41789252
  0.40152944 0.40485544]
 [0.67145292 0.56811666 0.53486187 0.56090445 0.93709786 0.97298826
  0.38980578 0.47775738 0.39919404 0.41130251 0.43764115 0.4556787
  0.02245757 0.01575713 0.02094731 0.02410056 0.01865904 0.02014417
  0.02958489 0.02995981 0.03007777 0.03117581 0.01274098 0.01194685
  0.5        0.40127099 0.45568541 0.36831162 0.43764115 0.47169594
  0.45776982 0.41719203 0.40247218 0.41130251 0.5        0.40127099
  0.45568548 0.36831162 0.43764115 0.47169599 0.45776976 0.41719203
  0.40247224 0.41130251]
 [0.65410778 0.58427334 0.50921734 0.57822236 0.65187668 0.07382266
  0.39534065 0.47899308 0.40633777 0.41341795 0.44391468 0.46517539
  0.02463241 0.01872706 0.02518174 0.02919076 0.02805075 0.02515885
  0.02999437 0.02995981 0.03012074 0.03117581 0.01514242 0.01342952
  0.50391389 0.41534271 0.46517539 0.37690602 0.44391468 0.4811682
  0.46338048 0.42619834 0.402996   0.41341795 0.50391389 0.41534271
  0.46517539 0.37690602 0.44391468 0.48116825 0.46338042 0.42619834
  0.40299602 0.41341795]
 [0.65088008 0.58478749 0.53445183 0.65791393 0.56102547 0.03896196
  0.39418336 0.47669821 0.40163634 0.40545986 0.44115433 0.46144382
  0.02463241 0.01872706 0.02548153 0.02534714 0.02805075 0.02515885
  0.03147873 0.03242601 0.03239806 0.03234344 0.0258822  0.02822765
  0.47651663 0.39900136 0.46144718 0.37302467 0.44115433 0.47733424
  0.46338048 0.42339638 0.40362448 0.40545986 0.47651663 0.39900136
  0.46144721 0.37302467 0.44115433 0.47733424 0.46338042 0.42339638
  0.40362455 0.40545986]
 [0.6452693  0.57198056 0.5549367  0.64349276 0.49209115 0.54115401
  0.39750428 0.47811044 0.39940774 0.41009368 0.44265997 0.4560244
  0.02463241 0.01872706 0.02559394 0.02534714 0.02805075 0.02820754
  0.029892   0.0330654  0.03214025 0.02860701 0.0273831  0.02757185
  0.48956295 0.38901498 0.4560244  0.37551982 0.44265997 0.47936401
  0.46398167 0.42739918 0.40488161 0.41009368 0.48956295 0.38901498
  0.4560244  0.37551982 0.44265997 0.47936401 0.46398156 0.42739918
  0.40488163 0.41009368]
 [0.6415137  0.5769818  0.5751653  0.61462957 0.39296247 0.
  0.40087552 0.47758085 0.39736232 0.41130251 0.44491844 0.44856126
  0.02463241 0.0189333  0.02563142 0.02534714 0.02805075 0.
  0.02794697 0.03288272 0.03188244 0.02981357 0.0273831  0.02688755
  0.48956295 0.39809351 0.44856797 0.371084   0.44491844 0.48071719
  0.46578507 0.4279996  0.4090718  0.41130251 0.48956295 0.39809351
  0.44856804 0.371084   0.44491844 0.48071719 0.46578499 0.4279996
  0.40907186 0.41130251]
 [0.62344459 0.55180419 0.53137654 0.56238408 0.39507373 1.
  0.40505183 0.48411241 0.40429234 0.4189584  0.44542033 0.46144382
  0.02548343 0.02083076 0.02761748 0.02842896 0.02920139 0.02282246
  0.02835645 0.03142126 0.03140979 0.02510411 0.0273831  0.0013401
  0.50130463 0.40626419 0.46144718 0.36997505 0.44542033 0.4868065
  0.47059411 0.43340338 0.41347149 0.4189584  0.50130463 0.40626419
  0.46144721 0.36997505 0.44542033 0.4868065  0.47059413 0.43340338
  0.41347161 0.4189584 ]
 [0.642298   0.55146142 0.57552408 0.57918099 0.60113941 0.66907085
  0.39971822 0.48428894 0.39949933 0.41714516 0.43688833 0.45737672
  0.02415961 0.02083076 0.02758    0.02842896 0.02114691 0.02282246
  0.02845882 0.03119291 0.03093714 0.02650527 0.02801681 0.01685105
  0.48173516 0.40081707 0.45738007 0.37219296 0.43688833 0.48049161
  0.46999307 0.43220254 0.41284302 0.41714516 0.48173516 0.40081707
  0.45738011 0.37219296 0.43688833 0.48049166 0.46999299 0.43220254
  0.41284308 0.41714516]
 [0.65075942 0.55819207 0.59701697 0.55373554 0.70428954 0.72118512
  0.39835967 0.48358283 0.39534742 0.41875693 0.44165621 0.45704118
  0.02444329 0.021037   0.02443229 0.02842896 0.02114691 0.02282246
  0.0282029  0.03087322 0.03046449 0.02646635 0.01614302 0.01630931
  0.48891063 0.39219246 0.45704118 0.37191572 0.44165621 0.47530447
  0.46658656 0.43380366 0.41389066 0.41875693 0.48891063 0.39219246
  0.45704118 0.37191572 0.44165621 0.47530447 0.46658651 0.43380366
  0.41389063 0.41875693]
 [0.63532978 0.55819207 0.57747177 0.48398458 0.50727212 0.53761844
  0.40102647 0.48358283 0.40224692 0.42218193 0.44441656 0.45466192
  0.02434873 0.021037   0.02484449 0.02808269 0.02167558 0.01341995
  0.02866356 0.03087322 0.02612469 0.02712801 0.01654326 0.01630931
  0.49673842 0.40263277 0.45466863 0.37496535 0.44441656 0.48229594
  0.46438241 0.43280296 0.41808086 0.42218193 0.49673842 0.40263277
  0.4546687  0.37496535 0.44441656 0.4822959  0.46438233 0.43280296
  0.41808087 0.42218193]]
  